/*--------------------------------*- C++ -*----------------------------------*\
| =========                 |                                                 |
| \\      /  F ield         | OpenFOAM: The Open Source CFD Toolbox           |
|  \\    /   O peration     | Version:  5.x                                   |
|   \\  /    A nd           | Web:      www.OpenFOAM.org                      |
|    \\/     M anipulation  |                                                 |
\*---------------------------------------------------------------------------*/
FoamFile
{
    version     2.0;
    format      ascii;
    class       volScalarField;
    location    "0";
    object      u;
}
// * * * * * * * * * * * * * * * * * * * * * * * * * * * * * * * * * * * * * //

dimensions      [1 -1 -3 0 0 0 0];

internalField   nonuniform List<scalar> 
400
(
9.41343e-10
2.80087e-09
4.59138e-09
6.26888e-09
7.79204e-09
9.12328e-09
1.02297e-08
1.10845e-08
1.16662e-08
1.19606e-08
1.19606e-08
1.16662e-08
1.10845e-08
1.02297e-08
9.12328e-09
7.79204e-09
6.26888e-09
4.59138e-09
2.80087e-09
9.41343e-10
2.80087e-09
8.33359e-09
1.3661e-08
1.86519e-08
2.31841e-08
2.71449e-08
3.04375e-08
3.29809e-08
3.47119e-08
3.55882e-08
3.55882e-08
3.47119e-08
3.29809e-08
3.04375e-08
2.71449e-08
2.31841e-08
1.86519e-08
1.3661e-08
8.33359e-09
2.80087e-09
4.59138e-09
1.3661e-08
2.23945e-08
3.05764e-08
3.80058e-08
4.44986e-08
4.98962e-08
5.40654e-08
5.69025e-08
5.83392e-08
5.83392e-08
5.69025e-08
5.40654e-08
4.98962e-08
4.44986e-08
3.80058e-08
3.05764e-08
2.23945e-08
1.3661e-08
4.59138e-09
6.26888e-09
1.86519e-08
3.05764e-08
4.17472e-08
5.18905e-08
6.07565e-08
6.81261e-08
7.38182e-08
7.76927e-08
7.96539e-08
7.96539e-08
7.76927e-08
7.38182e-08
6.81261e-08
6.07565e-08
5.18905e-08
4.17472e-08
3.05764e-08
1.86519e-08
6.26888e-09
7.79204e-09
2.31841e-08
3.80058e-08
5.18905e-08
6.44987e-08
7.55183e-08
8.46782e-08
9.17532e-08
9.65691e-08
9.90071e-08
9.90071e-08
9.65691e-08
9.17532e-08
8.46782e-08
7.55183e-08
6.44987e-08
5.18905e-08
3.80058e-08
2.31841e-08
7.79204e-09
9.12328e-09
2.71449e-08
4.44986e-08
6.07565e-08
7.55183e-08
8.84205e-08
9.91456e-08
1.07427e-07
1.13066e-07
1.15921e-07
1.15921e-07
1.13066e-07
1.07427e-07
9.91456e-08
8.84205e-08
7.55183e-08
6.07565e-08
4.44986e-08
2.71449e-08
9.12328e-09
1.02297e-08
3.04375e-08
4.98962e-08
6.81261e-08
8.46782e-08
9.91456e-08
1.11171e-07
1.20457e-07
1.26782e-07
1.29981e-07
1.29981e-07
1.26782e-07
1.20457e-07
1.11171e-07
9.91456e-08
8.46782e-08
6.81261e-08
4.98962e-08
3.04375e-08
1.02297e-08
1.10845e-08
3.29809e-08
5.40654e-08
7.38182e-08
9.17532e-08
1.07427e-07
1.20457e-07
1.30523e-07
1.37376e-07
1.40841e-07
1.40841e-07
1.37376e-07
1.30523e-07
1.20457e-07
1.07427e-07
9.17532e-08
7.38182e-08
5.40654e-08
3.29809e-08
1.10845e-08
1.16662e-08
3.47119e-08
5.69025e-08
7.76927e-08
9.65691e-08
1.13066e-07
1.26782e-07
1.37376e-07
1.44585e-07
1.48234e-07
1.48234e-07
1.44585e-07
1.37376e-07
1.26782e-07
1.13066e-07
9.65691e-08
7.76927e-08
5.69025e-08
3.47119e-08
1.16662e-08
1.19606e-08
3.55882e-08
5.83392e-08
7.96539e-08
9.90071e-08
1.15921e-07
1.29981e-07
1.40841e-07
1.48234e-07
1.51974e-07
1.51974e-07
1.48234e-07
1.40841e-07
1.29981e-07
1.15921e-07
9.90071e-08
7.96539e-08
5.83392e-08
3.55882e-08
1.19606e-08
1.19606e-08
3.55882e-08
5.83392e-08
7.96539e-08
9.90071e-08
1.15921e-07
1.29981e-07
1.40841e-07
1.48234e-07
1.51974e-07
1.51974e-07
1.48234e-07
1.40841e-07
1.29981e-07
1.15921e-07
9.90071e-08
7.96539e-08
5.83392e-08
3.55882e-08
1.19606e-08
1.16662e-08
3.47119e-08
5.69025e-08
7.76927e-08
9.65691e-08
1.13066e-07
1.26782e-07
1.37376e-07
1.44585e-07
1.48234e-07
1.48234e-07
1.44585e-07
1.37376e-07
1.26782e-07
1.13066e-07
9.65691e-08
7.76927e-08
5.69025e-08
3.47119e-08
1.16662e-08
1.10845e-08
3.29809e-08
5.40654e-08
7.38182e-08
9.17532e-08
1.07427e-07
1.20457e-07
1.30523e-07
1.37376e-07
1.40841e-07
1.40841e-07
1.37376e-07
1.30523e-07
1.20457e-07
1.07427e-07
9.17532e-08
7.38182e-08
5.40654e-08
3.29809e-08
1.10845e-08
1.02297e-08
3.04375e-08
4.98962e-08
6.81261e-08
8.46782e-08
9.91456e-08
1.11171e-07
1.20457e-07
1.26782e-07
1.29981e-07
1.29981e-07
1.26782e-07
1.20457e-07
1.11171e-07
9.91456e-08
8.46782e-08
6.81261e-08
4.98962e-08
3.04375e-08
1.02297e-08
9.12328e-09
2.71449e-08
4.44986e-08
6.07565e-08
7.55183e-08
8.84205e-08
9.91456e-08
1.07427e-07
1.13066e-07
1.15921e-07
1.15921e-07
1.13066e-07
1.07427e-07
9.91456e-08
8.84205e-08
7.55183e-08
6.07565e-08
4.44986e-08
2.71449e-08
9.12328e-09
7.79204e-09
2.31841e-08
3.80058e-08
5.18905e-08
6.44987e-08
7.55183e-08
8.46782e-08
9.17532e-08
9.65691e-08
9.90071e-08
9.90071e-08
9.65691e-08
9.17532e-08
8.46782e-08
7.55183e-08
6.44987e-08
5.18905e-08
3.80059e-08
2.31841e-08
7.79204e-09
6.26888e-09
1.86519e-08
3.05764e-08
4.17472e-08
5.18905e-08
6.07565e-08
6.81261e-08
7.38182e-08
7.76927e-08
7.96539e-08
7.96539e-08
7.76927e-08
7.38182e-08
6.81261e-08
6.07565e-08
5.18905e-08
4.17472e-08
3.05764e-08
1.86519e-08
6.26888e-09
4.59138e-09
1.3661e-08
2.23945e-08
3.05764e-08
3.80058e-08
4.44986e-08
4.98962e-08
5.40654e-08
5.69025e-08
5.83392e-08
5.83392e-08
5.69025e-08
5.40654e-08
4.98962e-08
4.44986e-08
3.80059e-08
3.05764e-08
2.23945e-08
1.3661e-08
4.59138e-09
2.80087e-09
8.33359e-09
1.3661e-08
1.86519e-08
2.31841e-08
2.71449e-08
3.04375e-08
3.29809e-08
3.47119e-08
3.55882e-08
3.55882e-08
3.47119e-08
3.29809e-08
3.04375e-08
2.71449e-08
2.31841e-08
1.86519e-08
1.3661e-08
8.33359e-09
2.80087e-09
9.41343e-10
2.80087e-09
4.59138e-09
6.26888e-09
7.79204e-09
9.12328e-09
1.02297e-08
1.10845e-08
1.16662e-08
1.19606e-08
1.19606e-08
1.16662e-08
1.10845e-08
1.02297e-08
9.12328e-09
7.79204e-09
6.26888e-09
4.59138e-09
2.80087e-09
9.41343e-10
)
;

boundaryField
{
    leftWall
    {
        type            fixedValue;
        value           uniform 0;
    }
    rightWall
    {
        type            fixedValue;
        value           uniform 0;
    }
    topWall
    {
        type            fixedValue;
        value           uniform 0;
    }
    bottomWall
    {
        type            fixedValue;
        value           uniform 0;
    }
    backAndFront
    {
        type            empty;
    }
}


// ************************************************************************* //
